Zone1 12:00 10 2 2 1 70 40 9 6 30 15 1 1 1 
Zone2 12:00 10 2 2 1 70 40 9 6 30 15 1 1 1
Zone3 12:00 10 2 2 1 70 40 9 6 30 15 1 1 1
Zone4 12:00 10 2 2 1 70 40 9 6 30 15 1 1 1
Zone5 12:00 10 2 2 1 70 40 9 6 30 15 1 1 1 
Zone6 12:00 10 2 2 1 70 40 9 6 30 15 1 1 1 
Zone7 12:00 10 2 2 1 70 40 9 6 30 15 1 1 1

Zone1 12:00 1 2 2 1 70 40 9 6 30 15 1 1 1 
Zone2 12:00 1 20 2 1 70 40 9 6 30 15 1 1 1
Zone3 12:00 10 2 2 1 70 40 9 6 30 15 1 1 1
Zone4 12:00 10 2 2 1 70 40 9 6 30 15 1 1 1
Zone5 12:00 10 2 2 1 70 40 9 6 30 15 1 1 1 
Zone6 12:00 10 2 2 1 70 40 9 6 30 15 1 1 1 
Zone7 12:00 10 2 2 1 70 40 9 6 30 15 1 1 1 

Zone1 12:00 10 2 2 1 70 40 9 6 30 15 1 1 1 
Zone2 12:00 10 2 2 1 70 40 9 6 30 15 1 1 1
Zone3 12:00 10 2 2 1 70 40 9 6 30 15 1 1 1
Zone4 12:00 10 2 2 1 70 40 9 6 30 15 1 1 1
Zone5 12:00 10 2 2 1 70 40 9 6 30 15 1 1 1 
Zone6 12:00 10 2 2 1 70 40 9 6 30 15 1 1 1 
Zone7 12:00 10 2 2 1 70 40 9 6 30 15 1 1 1 

Zone1 12:00 10 2 2 1 70 40 9 6 30 15 1 1 1 
Zone2 12:00 10 2 2 1 70 40 9 6 30 15 1 1 1
Zone3 12:00 10 2 2 1 70 40 9 6 30 15 1 1 1
Zone4 12:00 10 2 2 1 70 40 9 6 30 15 1 1 1
Zone5 12:00 10 2 2 1 70 40 9 6 30 15 1 1 1 
Zone6 12:00 10 2 2 1 70 40 9 6 30 15 1 1 1 
Zone7 12:00 10 2 2 1 70 40 9 6 30 15 1 1 1 

Zone1 12:00 10 2 2 1 70 40 9 6 30 15 1 1 1 
Zone2 12:00 10 2 2 1 70 40 9 6 30 15 1 1 1
Zone3 12:00 10 2 2 1 70 40 9 6 30 15 1 1 1
Zone4 12:00 10 2 2 1 70 40 9 6 30 15 1 1 1
Zone5 12:00 10 2 2 1 70 40 9 6 30 15 1 1 1 
Zone6 12:00 10 2 2 1 70 40 9 6 30 15 1 1 1 
Zone7 12:00 10 2 2 1 70 40 9 6 30 15 1 1 1 

Zone1 12:00 10 2 2 1 70 40 9 6 30 15 1 1 1 
Zone2 12:00 10 2 2 1 70 40 9 6 30 15 1 1 1
Zone3 12:00 10 2 2 1 70 40 9 6 30 15 1 1 1
Zone4 12:00 10 2 2 1 70 40 9 6 30 15 1 1 1
Zone5 12:00 10 2 2 1 70 40 9 6 30 15 1 1 1 
Zone6 12:00 10 2 2 1 70 40 9 6 30 15 1 1 1 
Zone7 12:00 10 2 2 1 70 40 9 6 30 15 1 1 1 

Zone1 12:00 10 2 2 1 70 40 9 6 30 15 1 1 1 
Zone2 12:00 10 2 2 1 70 40 9 6 30 15 1 1 1
Zone3 12:00 10 2 2 1 70 40 9 6 30 15 1 1 1
Zone4 12:00 10 2 2 1 70 40 9 6 30 15 1 1 1
Zone5 12:00 10 2 2 1 70 40 9 6 30 15 1 1 1 
Zone6 12:00 10 2 2 1 70 40 9 6 30 15 1 1 1 
Zone7 12:00 10 2 2 1 70 40 9 6 30 15 1 1 1 

Zone1 12:00 10 2 2 1 70 40 9 6 30 15 1 1 1 
Zone2 12:00 10 2 2 1 70 40 9 6 30 15 1 1 1
Zone3 12:00 10 2 2 1 70 40 9 6 30 15 1 1 1
Zone4 12:00 10 2 2 1 70 40 9 6 30 15 1 1 1
Zone5 12:00 10 2 2 1 70 40 9 6 30 15 1 1 1 
Zone6 12:00 10 2 2 1 70 40 9 6 30 15 1 1 1 
Zone7 12:00 10 2 2 1 70 40 9 6 30 15 1 1 1 

Zone1 12:00 10 2 2 1 70 40 9 6 30 15 1 1 1 
Zone2 12:00 10 2 2 1 70 40 9 6 30 15 1 1 1
Zone3 12:00 10 2 2 1 70 40 9 6 30 15 1 1 1
Zone4 12:00 10 2 2 1 70 40 9 6 30 15 1 1 1
Zone5 12:00 10 2 2 1 70 40 9 6 30 15 1 1 1 
Zone6 12:00 10 2 2 1 70 40 9 6 30 15 1 1 1 
Zone7 12:00 10 2 2 1 70 40 9 6 30 15 1 1 1 

Zone1 12:00 10 2 2 1 70 40 9 6 30 15 1 1 1 
Zone2 12:00 10 2 2 1 70 40 9 6 30 15 1 1 1
Zone3 12:00 10 2 2 1 70 40 9 6 30 15 1 1 1
Zone4 12:00 10 2 2 1 70 40 9 6 30 15 1 1 1
Zone5 12:00 10 2 2 1 70 40 9 6 30 15 1 1 1 
Zone6 12:00 10 2 2 1 70 40 9 6 30 15 1 1 1 
Zone7 12:00 10 2 2 1 70 40 9 6 30 15 1 1 1

Zone1 12:00 10 2 2 1 70 40 9 6 30 15 1 1 1 
Zone2 12:00 10 2 2 1 70 40 9 6 30 15 1 1 1
Zone3 12:00 10 2 2 1 70 40 9 6 30 15 1 1 1
Zone4 12:00 10 2 2 1 70 40 9 6 30 15 1 1 1
Zone5 12:00 10 2 2 1 70 40 9 6 30 15 1 1 1 
Zone6 12:00 10 2 2 1 70 40 9 6 30 15 1 1 1 
Zone7 12:00 10 2 2 1 70 40 9 6 30 15 1 1 1

Zone1 12:00 10 2 2 1 70 40 9 6 30 15 1 1 1 
Zone2 12:00 10 2 2 1 70 40 9 6 30 15 1 1 1
Zone3 12:00 10 2 2 1 70 40 9 6 30 15 1 1 1
Zone4 12:00 10 2 2 1 70 40 9 6 30 15 1 1 1
Zone5 12:00 10 2 2 1 70 40 9 6 30 15 1 1 1 
Zone6 12:00 10 2 2 1 70 40 9 6 30 15 1 1 1 
Zone7 12:00 10 2 2 1 70 40 9 6 30 15 1 1 1 

Zone1 12:00 10 2 2 1 70 40 9 6 30 15 1 1 1 
Zone2 12:00 10 2 2 1 70 40 9 6 30 15 1 1 1
Zone3 12:00 10 2 2 1 70 40 9 6 30 15 1 1 1
Zone4 12:00 10 2 2 1 70 40 9 6 30 15 1 1 1
Zone5 12:00 10 2 2 1 70 40 9 6 30 15 1 1 1 
Zone6 12:00 10 2 2 1 70 40 9 6 30 15 1 1 1 
Zone7 12:00 10 2 2 1 70 40 9 6 30 15 1 1 1 

Zone1 12:00 10 2 2 1 70 40 9 6 30 15 1 1 1 
Zone2 12:00 10 2 2 1 70 40 9 6 30 15 1 1 1
Zone3 12:00 10 2 2 1 70 40 9 6 30 15 1 1 1
Zone4 12:00 10 2 2 1 70 40 9 6 30 15 1 1 1
Zone5 12:00 10 2 2 1 70 40 9 6 30 15 1 1 1 
Zone6 12:00 10 2 2 1 70 40 9 6 30 15 1 1 1 
Zone7 12:00 10 2 2 1 70 40 9 6 30 15 1 1 1 

Zone1 12:00 10 2 2 1 70 40 9 6 30 15 1 1 1 
Zone2 12:00 10 2 2 1 70 40 9 6 30 15 1 1 1
Zone3 12:00 10 2 2 1 70 40 9 6 30 15 1 1 1
Zone4 12:00 10 2 2 1 70 40 9 6 30 15 1 1 1
Zone5 12:00 10 2 2 1 70 40 9 6 30 15 1 1 1 
Zone6 12:00 10 2 2 1 70 40 9 6 30 15 1 1 1 
Zone7 12:00 10 2 2 1 70 40 9 6 30 15 1 1 1 

Zone1 12:00 10 2 2 1 70 40 9 6 30 15 1 1 1 
Zone2 12:00 10 2 2 1 70 40 9 6 30 15 1 1 1
Zone3 12:00 10 2 2 1 70 40 9 6 30 15 1 1 1
Zone4 12:00 10 2 2 1 70 40 9 6 30 15 1 1 1
Zone5 12:00 10 2 2 1 70 40 9 6 30 15 1 1 1 
Zone6 12:00 10 2 2 1 70 40 9 6 30 15 1 1 1 
Zone7 12:00 10 2 2 1 70 40 9 6 30 15 1 1 1 

Zone1 12:00 10 2 2 1 70 40 9 6 30 15 1 1 1 
Zone2 12:00 10 2 2 1 70 40 9 6 30 15 1 1 1
Zone3 12:00 10 2 2 1 70 40 9 6 30 15 1 1 1
Zone4 12:00 10 2 2 1 70 40 9 6 30 15 1 1 1
Zone5 12:00 10 2 2 1 70 40 9 6 30 15 1 1 1 
Zone6 12:00 10 2 2 1 70 40 9 6 30 15 1 1 1 
Zone7 12:00 10 2 2 1 70 40 9 6 30 15 1 1 1 

Zone1 12:00 10 2 2 1 70 40 9 6 30 15 1 1 1 
Zone2 12:00 10 2 2 1 70 40 9 6 30 15 1 1 1
Zone3 12:00 10 2 2 1 70 40 9 6 30 15 1 1 1
Zone4 12:00 10 2 2 1 70 40 9 6 30 15 1 1 1
Zone5 12:00 10 2 2 1 70 40 9 6 30 15 1 1 1 
Zone6 12:00 10 2 2 1 70 40 9 6 30 15 1 1 1 
Zone7 12:00 10 2 2 1 70 40 9 6 30 15 1 1 1 

Zone1 12:00 10 2 2 1 70 40 9 6 30 15 1 1 1 
Zone2 12:00 10 2 2 1 70 40 9 6 30 15 1 1 1
Zone3 12:00 10 2 2 1 70 40 9 6 30 15 1 1 1
Zone4 12:00 10 2 2 1 70 40 9 6 30 15 1 1 1
Zone5 12:00 10 2 2 1 70 40 9 6 30 15 1 1 1 
Zone6 12:00 10 2 2 1 70 40 9 6 30 15 1 1 1 
Zone7 12:00 10 2 2 1 70 40 9 6 30 15 1 1 1 

Zone1 12:00 10 2 2 1 70 40 9 6 30 15 1 1 1 
Zone2 12:00 10 2 2 1 70 40 9 6 30 15 1 1 1
Zone3 12:00 10 2 2 1 70 40 9 6 30 15 1 1 1
Zone4 12:00 10 2 2 1 70 40 9 6 30 15 1 1 1
Zone5 12:00 10 2 2 1 70 40 9 6 30 15 1 1 1 
Zone6 12:00 10 2 2 1 70 40 9 6 30 15 1 1 1 
Zone7 12:00 10 2 2 1 70 40 9 6 30 15 1 1 1 

Zone1 12:00 10 2 2 1 70 40 9 6 30 15 1 1 1 
Zone2 12:00 10 2 2 1 70 40 9 6 30 15 1 1 1
Zone3 12:00 10 2 2 1 70 40 9 6 30 15 1 1 1
Zone4 12:00 10 2 2 1 70 40 9 6 30 15 1 1 1
Zone5 12:00 10 2 2 1 70 40 9 6 30 15 1 1 1 
Zone6 12:00 10 2 2 1 70 40 9 6 30 15 1 1 1 
Zone7 12:00 10 2 2 1 70 40 9 6 30 15 1 1 1

Zone1 12:00 10 2 2 1 70 40 9 6 30 15 1 1 1 
Zone2 12:00 10 2 2 1 70 40 9 6 30 15 1 1 1
Zone3 12:00 10 2 2 1 70 40 9 6 30 15 1 1 1
Zone4 12:00 10 2 2 1 70 40 9 6 30 15 1 1 1
Zone5 12:00 10 2 2 1 70 40 9 6 30 15 1 1 1 
Zone6 12:00 10 2 2 1 70 40 9 6 30 15 1 1 1 
Zone7 12:00 10 2 2 1 70 40 9 6 30 15 1 1 1 

Zone1 12:00 10 2 2 1 70 40 9 6 30 15 1 1 1 
Zone2 12:00 10 2 2 1 70 40 9 6 30 15 1 1 1
Zone3 12:00 10 2 2 1 70 40 9 6 30 15 1 1 1
Zone4 12:00 10 2 2 1 70 40 9 6 30 15 1 1 1
Zone5 12:00 10 2 2 1 70 40 9 6 30 15 1 1 1 
Zone6 12:00 10 2 2 1 70 40 9 6 30 15 1 1 1 
Zone7 12:00 10 2 2 1 70 40 9 6 30 15 1 1 1 

Zone1 12:00 10 2 2 1 70 40 9 6 30 15 1 1 1 
Zone2 12:00 10 2 2 1 70 40 9 6 30 15 1 1 1
Zone3 12:00 10 2 2 1 70 40 9 6 30 15 1 1 1
Zone4 12:00 10 2 2 1 70 40 9 6 30 15 1 1 1
Zone5 12:00 10 2 2 1 70 40 9 6 30 15 1 1 1 
Zone6 12:00 10 2 2 1 70 40 9 6 30 15 1 1 1 
Zone7 12:00 10 2 2 1 70 40 9 6 30 15 1 1 1 

Zone1 12:00 10 2 2 1 70 40 9 6 30 15 1 1 1 
Zone2 12:00 10 2 2 1 70 40 9 6 30 15 1 1 1
Zone3 12:00 10 2 2 1 70 40 9 6 30 15 1 1 1
Zone4 12:00 10 2 2 1 70 40 9 6 30 15 1 1 1
Zone5 12:00 10 2 2 1 70 40 9 6 30 15 1 1 1 
Zone6 12:00 10 2 2 1 70 40 9 6 30 15 1 1 1 
Zone7 12:00 10 2 2 1 70 40 9 6 30 15 1 1 1 

Zone1 12:00 10 2 2 1 70 40 9 6 30 15 1 1 1 
Zone2 12:00 10 2 2 1 70 40 9 6 30 15 1 1 1
Zone3 12:00 10 2 2 1 70 40 9 6 30 15 1 1 1
Zone4 12:00 10 2 2 1 70 40 9 6 30 15 1 1 1
Zone5 12:00 10 2 2 1 70 40 9 6 30 15 1 1 1 
Zone6 12:00 10 2 2 1 70 40 9 6 30 15 1 1 1 
Zone7 12:00 10 2 2 1 70 40 9 6 30 15 1 1 1 

Zone1 12:00 10 2 2 1 70 40 9 6 30 15 1 1 1 
Zone2 12:00 10 2 2 1 70 40 9 6 30 15 1 1 1
Zone3 12:00 10 2 2 1 70 40 9 6 30 15 1 1 1
Zone4 12:00 10 2 2 1 70 40 9 6 30 15 1 1 1
Zone5 12:00 10 2 2 1 70 40 9 6 30 15 1 1 1 
Zone6 12:00 10 2 2 1 70 40 9 6 30 15 1 1 1 
Zone7 12:00 10 2 2 1 70 40 9 6 30 15 1 1 1 

Zone1 12:00 10 2 2 1 70 40 9 6 30 15 1 1 1 
Zone2 12:00 10 2 2 1 70 40 9 6 30 15 1 1 1
Zone3 12:00 10 2 2 1 70 40 9 6 30 15 1 1 1
Zone4 12:00 10 2 2 1 70 40 9 6 30 15 1 1 1
Zone5 12:00 10 2 2 1 70 40 9 6 30 15 1 1 1 
Zone6 12:00 10 2 2 1 70 40 9 6 30 15 1 1 1 
Zone7 12:00 10 2 2 1 70 40 9 6 30 15 1 1 1 

Zone1 12:00 10 2 2 1 70 40 9 6 30 15 1 1 1 
Zone2 12:00 10 2 2 1 70 40 9 6 30 15 1 1 1
Zone3 12:00 10 2 2 1 70 40 9 6 30 15 1 1 1
Zone4 12:00 10 2 2 1 70 40 9 6 30 15 1 1 1
Zone5 12:00 10 2 2 1 70 40 9 6 30 15 1 1 1 
Zone6 12:00 10 2 2 1 70 40 9 6 30 15 1 1 1 
Zone7 12:00 10 2 2 1 70 40 9 6 30 15 1 1 1 

Zone1 12:00 10 2 2 1 70 40 9 6 30 15 1 1 1 
Zone2 12:00 10 2 2 1 70 40 9 6 30 15 1 1 1
Zone3 12:00 10 2 2 1 70 40 9 6 30 15 1 1 1
Zone4 12:00 10 2 2 1 70 40 9 6 30 15 1 1 1
Zone5 12:00 10 2 2 1 70 40 9 6 30 15 1 1 1 
Zone6 12:00 10 2 2 1 70 40 9 6 30 15 1 1 1 
Zone7 12:00 10 2 2 1 70 40 9 6 30 15 1 1 1 